[[ 1.77752573e+00  6.32100166e-01  6.80086365e-01 -7.23623092e-01
  -1.11354560e-01 -5.26986052e-01 -8.92341909e-01  1.83379953e+00
  -5.31140448e+00  4.14761663e+00  3.39477812e+00  3.78910296e+01
  -7.42055133e+01  9.28854927e+01  2.14345455e+02 -3.79194758e+02
  -7.57739809e+02 -3.02905711e+03 -7.73289428e+02 -1.83114551e+03
   9.68349627e+03  3.36845329e+04 -1.85643278e+05  7.85383952e+04
  -8.15623716e+05]
 [-1.60757115e+00  1.59038620e+00  1.26952330e+00  4.11695653e-01
   1.27069119e-01  6.78143083e-01 -1.37911077e+00  4.24582557e+00
   1.69010127e+00  1.17735015e+01 -3.75327283e+01 -1.34277217e+01
  -1.72378667e+02  4.01142266e+01  8.73999422e+02 -2.04127327e+03
  -1.67364262e+03 -2.00964040e+03 -7.86144166e+03 -8.37140437e+03
  -4.53147780e+03 -6.33450446e+04  7.28265866e+04 -5.14518909e+05
   3.96829565e+05]
 [-5.66436914e-01 -4.39946504e+00 -1.41783733e-01 -2.01967175e-02
   1.65394124e-01 -1.26516232e-01  3.00133795e+00 -1.35021676e+00
  -7.11448512e-01 -1.36959053e+01  1.43590086e+01 -5.19723675e+01
   1.63583415e+02 -1.62980945e+02 -3.27912598e+02  3.82825092e+03
   1.78029056e+03  1.58950580e+02  1.42811503e+04 -3.28674109e+04
   5.78530429e+04  9.73029608e+04 -2.07909744e+05  2.94190627e+05
  -3.02094020e+05]
 [-1.46053201e+00  1.53774107e+00 -1.23834101e+00 -3.96395630e-01
  -3.20718782e-01 -5.47288532e-01 -7.13072003e-01 -3.24665054e+00
  -1.91920423e+00 -5.53397739e+00  2.15447990e+01  3.03482635e+01
   6.07941206e+01  1.88225304e+02 -6.82186717e+02 -2.52017473e+02
  -7.64286844e+01  1.32417069e+03  2.28485372e+03  3.09909182e+04
  -3.21145204e+04  1.27811983e+04  8.69457880e+04  2.61575579e+05
  -1.84071700e+05]
 [ 1.85701435e+00  6.39237602e-01 -5.69484926e-01  7.28519786e-01
   1.39610098e-01  5.22647734e-01 -1.68132677e-02 -1.48275780e+00
   6.25195594e+00  3.30876451e+00 -1.76585742e+00 -2.83920404e+00
   2.22066447e+01 -1.58244078e+02 -7.82455611e+01 -1.15576542e+03
   7.27520553e+02  3.55557624e+03 -7.93127290e+03  1.20790425e+04
  -3.08905410e+04 -8.04236473e+04  2.33780647e+05 -1.19785693e+05
   9.04959872e+05]]