[[ 8.37556925e-01  2.19826987e+00  6.88414834e-01  4.38506587e-01
  -2.77066855e-01 -3.24828185e-01  7.07855856e-01 -1.64412475e+00
  -1.28349796e+00 -1.96936037e+00 -2.34597462e+01 -1.87440838e+01
  -1.50023906e+02 -3.50320021e+00  3.81036339e+01  6.89123792e+02
   3.47954099e+02 -3.48440226e+03  1.91226178e+03  1.30088834e+04
   5.68600475e+03  1.33120288e+05  2.50752562e+05 -2.30437854e+05
   1.42854030e+06  2.52810223e+06  4.07089472e+06 -1.58089161e+06
   1.51098369e+07 -3.30914559e+07]
 [ 7.24480004e-01 -2.38312026e+00  9.07725174e-01 -4.31785970e-01
  -9.59509485e-01  8.15275200e-01  3.65019100e-01 -1.67736689e+00
   2.26201140e+00  2.23214702e+01  2.67843034e+00 -1.05497973e+01
   2.90474012e+02  1.71593285e+01 -5.04708880e+02  5.94174006e+02
  -2.55542823e+03  7.90560643e+03 -1.06011816e+03  1.37036690e+04
  -6.24547034e+03 -1.26190357e+05  1.14257503e+05 -3.40257363e+05
   7.10267154e+05 -8.60566993e+05 -2.29864963e+06 -5.19823587e+06
   7.81414863e+06 -8.86401791e+07]
 [-3.12159663e+00  1.47150344e-01  1.72202887e-02 -8.63555112e-03
   2.36482217e-02 -6.79942747e-02 -2.09658430e-02  2.59514847e-01
  -3.47526099e-02 -4.67863811e-02 -3.94505006e+00 -1.07983162e+01
  -1.74800765e+01 -1.12981893e-01  4.22766403e+01  7.87683637e+01
   2.87026808e+02 -3.37093880e+02  5.40505879e+02  2.40453297e+02
   4.56740402e+03  3.88937736e+03  3.16028290e+03  2.19323716e+04
   8.72231531e+04  1.42732748e+05  8.83642438e+04 -2.11331060e+05
   2.00597289e+04  2.76321332e+06]
 [ 7.09535973e-01 -2.22450588e+00 -1.34391387e+00  5.62967353e-01
   5.41444286e-01 -5.46560639e-01 -1.15827726e+00 -2.78306617e-01
   1.04671050e-01  7.46814068e+00  2.67064165e+01  1.29680057e+01
   6.62859025e+01 -8.05311474e+01 -3.20094663e+02 -4.32395063e+02
  -7.54423190e+02 -2.68881110e+03 -3.61320600e+03 -1.06929166e+04
   1.80788329e+04 -7.29681282e+04 -2.99759968e+05  2.36102057e+05
  -1.53479844e+06 -2.67417608e+06 -2.22650611e+06  5.16098124e+06
  -8.11673917e+06  2.62701754e+07]
 [ 8.50023726e-01  2.26220592e+00 -2.69446426e-01 -5.61052418e-01
   6.71483832e-01  1.24107898e-01  1.06368152e-01  3.34028341e+00
  -1.04843188e+00 -2.77734641e+01 -1.98005051e+00  2.71241916e+01
  -1.89255932e+02  6.69880010e+01  7.44423269e+02 -9.29671098e+02
   2.67487051e+03 -1.39529920e+03  2.22055650e+03 -1.62600892e+04
  -2.20867714e+04  6.21488197e+04 -6.84103793e+04  3.12660788e+05
  -6.91232174e+05  8.63908089e+05  3.65896766e+05  1.82947730e+06
  -1.48273061e+07  9.26982463e+07]]