[[-8.36939035e-01  2.25726141e+00  6.59358587e-01 -4.44175437e-01
  -6.29309073e-01  8.79758090e-02  1.17273787e+00  1.95806207e+00
  -5.85776442e+00 -3.43263828e+00  1.00426067e+01 -9.66430481e+00
  -8.97522566e+01 -1.14497249e+02 -9.22498432e+02  3.71891347e+02
  -2.77837932e+03 -4.34406510e+03 -7.67204297e+03 -2.12749498e+04]
 [-7.23946776e-01 -2.44445596e+00  9.28157930e-01  7.10543665e-01
  -9.37196601e-02 -8.02971188e-02 -5.65046415e-01 -1.41076011e+00
   2.44420855e+00  8.93124981e+00 -1.26913068e+01 -3.83867378e+01
  -1.04305639e+02  1.64175098e+01  5.58078940e+02 -6.16132886e+02
  -2.39038696e+03  2.04865557e+03 -5.11718907e+03  3.97451366e+03]
 [ 3.11929595e+00  1.50702827e-01  1.49252568e-02 -1.57374594e-04
  -1.61379670e-02 -6.00569206e-02 -8.06039060e-03  1.09865908e-01
  -5.67597355e-01 -4.61872297e-01  2.56725948e+00  4.02343111e+00
   3.46308136e-01 -7.70035312e+00 -5.34383388e+01  1.29781969e+02
   9.73961324e+01  1.32789372e+02 -2.29712695e+02  1.03709091e+03]
 [-7.09013767e-01 -2.27646705e+00 -1.33096758e+00 -5.06881444e-01
   9.61591945e-02  9.10163227e-02 -7.77728616e-02 -2.71891241e+00
   4.59968338e+00 -2.40990316e+00 -2.72493901e+01 -1.07674926e+00
   8.27890778e+01  3.51185105e+02  4.66047858e+02 -1.00808547e+02
   2.16902343e+03  8.72135746e+02  2.24524265e+03  3.10037565e+03]
 [-8.49396368e-01  2.31295878e+00 -2.71474192e-01  2.40670591e-01
   6.43007506e-01 -3.86380922e-02 -5.21858200e-01  2.06174454e+00
  -6.18530159e-01 -2.62683607e+00  2.73308308e+01  4.51043607e+01
   1.10922509e+02 -2.45405012e+02 -4.81900270e+01  2.15268116e+02
   2.90234671e+03  1.29048441e+03  1.07737021e+04  1.31629696e+04]]