[[-1.77617050e+00  6.36374818e-01  5.79003778e-01  8.22504397e-01
   1.90580441e-01 -2.32953175e-01 -3.62327475e-01  2.14280047e+00
   6.67809919e+00  8.61726912e+00  1.97893369e+01  4.03207332e+01
  -3.60799375e+01  6.80229739e+01  3.26475828e+02]
 [ 1.60634489e+00  1.60208397e+00  1.22174355e+00 -6.11136822e-02
   1.88363941e-01 -2.77804080e-03  2.94276357e-03  7.62929569e-01
  -7.56829573e-01  2.23167758e+01 -9.62259321e+00  7.33658911e+01
   2.06049565e+02 -1.90444142e+01 -5.57498366e+02]
 [ 5.66004571e-01 -4.40266483e+00  6.17730864e-02 -9.05185646e-02
   3.19375479e-01  7.51257940e-01  8.40171886e-01  5.12938985e+00
   5.43899306e+00  4.73628892e-01 -3.67631243e-01  3.40052878e+01
  -2.05341023e+01  2.32206469e+02 -1.07367571e+02]
 [ 1.45941890e+00  1.52772477e+00 -1.33512579e+00  1.09806451e-01
  -4.40906747e-01 -5.99298228e-01 -4.07443843e-01 -4.65147451e+00
  -3.31738358e+00 -2.28971560e+01  7.15105960e+00 -9.60659008e+01
  -1.95756098e+02 -1.59670090e+02  6.23511712e+02]
 [-1.85559786e+00  6.36481270e-01 -5.27394620e-01 -7.80678601e-01
  -2.57413113e-01  8.37715042e-02 -7.33433318e-02 -3.38364538e+00
  -8.04287910e+00 -8.51051786e+00 -1.69501721e+01 -5.16260113e+01
   4.63205732e+01 -1.21514939e+02 -2.85121604e+02]]